Alabama
244743,198918,44540,1285
Arizona
137634,80926,56287,421
Arkansas
212954,148965,63551,438
California
3520875,1988564,1512965,19346
Colorado
505039,234331,268731,1977
Connecticut
831990,435146,390527,6317
Delaware
125361,68166,56747,448
Florida
482592,339377,143215,0
Georgia
328109,268187,59880,42
Idaho
208321,107399,100137,785
Illinois
4036061,2079479,1939314,17268
Indiana
1672091,781403,875891,14797
Iowa
1052599,499876,547267,5456
Kansas
733776,287458,442096,4222
Kentucky
867921,472589,392448,2884
Louisiana
349383,281564,67750,69
Maine
296400,140631,155434,335
Maryland
608439,315490,292949,0
Massachusetts
1960665,1035296,921350,4019
Michigan
2205223,1106899,1084423,13901
Minnesota
1125529,589864,527416,8249
Mississippi
180080,168479,11601,0
Missouri
1572474,807804,761524,3146
Montana
207355,112556,93163,1636
Nebraska
563126,233246,329880,0
Nevada
54234,29623,24611,0
New Hampshire
229627,119663,109916,48
New Jersey
1963761,987874,961335,14552
New Mexico
152225,81389,70688,148
New York
6316817,3304238,2987647,24932
North Carolina
790554,527399,263155,0
North Dakota
220171,100144,118535,1492
Ohio
3153056,1570763,1582293,0
Oklahoma
722636,401549,319424,1663
Oregon
480147,248635,225365,6147
Pennsylvania
3794793,1940479,1835054,19260
Rhode Island
299276,175356,123487,433
South Carolina
103375,90601,4610,8164
South Dakota
232076,96711,135365,0
Tennessee
510692,308707,200311,1674
Texas
1150331,821605,191425,137301
Utah
248319,150088,97891,340
Vermont
125361,53820,71527,14
Virginia
388485,242276,145243,966
Washington
856328,486774,361689,7865
West Virginia
715596,392777,322819,0
Wisconsin
1339152,650413,674532,14207
Wyoming
101340,49419,51921,0