Alabama
108845,22472,79857,853,5663
Arkansas
116421,46860,64434,1816,3311
California
331878,205226,89404,29535,7713
Colorado
243667,134661,100105,4304,4597
Connecticut
191128,111089,72909,4543,2587
Delaware
43856,23705,19347,146,658
Florida
39309,8314,27046,2337,1612
Georgia
130986,24004,83466,196,23320
Idaho
72578,47783,18480,4949,1366
Illinois
1076499,632645,327606,69225,47023
Indiana
682185,368289,274345,12013,27538
Iowa
486093,308158,149276,14849,13810
Kansas
328561,212955,86174,15869,13563
Kentucky
435946,205457,217170,3599,9720
Louisiana
53908,5205,47708,995,0
Maine
97023,65432,27642,2102,1847
Maryland
224229,109497,109446,2247,3039
Massachusetts
445109,257822,165746,13604,7937
Michigan
525027,364957,135392,9042,15636
Minnesota
292860,216651,55187,11692,9330
Mississippi
58721,3280,53480,462,1499
Missouri
643861,321449,296312,13009,13091
Montana
64444,34932,21773,5676,2063
Nebraska
225732,138558,52921,7412,26841
Nevada
12115,6864,3982,925,344
New Hampshire
90161,54163,34074,1090,834
New Jersey
432547,245164,164566,9587,13230
New York
1617770,859533,683981,36883,37373
North Carolina
207818,82442,124091,124,1161
North Dakota
70014,52595,14273,2009,1137
Ohio
1004393,600095,344674,36260,23364
Oregon
90154,60455,17521,7619,4559
Pennsylvania
1236738,840949,337998,21863,35928
Rhode Island
68656,41605,24839,956,1256
South Carolina
55118,2554,52563,0,1
South Dakota
101395,72083,21969,3138,4205
Tennessee
242750,105363,131653,1354,4380
Texas
234008,51242,167200,2791,12775
Utah
101672,62446,33413,5767,46
Vermont
51888,40459,9777,859,793
Virginia
130410,48180,80649,202,1379
Washington
145151,101540,28098,10023,5490
West Virginia
239986,132620,100855,1573,4938
Wisconsin
443441,280315,124205,28240,10681
Wyoming
30708,20489,8930,1072,217