Alabama
689817,0,479085,210732
Alaska
67259,44329,22930,0
Arizona
480770,237753,242535,482
Arkansas
560426,314197,243264,2965
California
7057586,4171877,2879108,6601
Colorado
776986,476024,296767,4195
Connecticut
1218578,826269,390996,1313
Delaware
201320,122704,78078,538
D. C.
198597,169796,28801,0
Florida
1854481,948540,905941,0
Georgia
1139336,522557,616584,195
Hawaii
207271,163249,44022,0
Idaho
292477,148920,143557,0
Illinois
4702841,2796833,1905946,62
Indiana
2091606,1170848,911118,9640
Iowa
1184539,733030,449148,2361
Kansas
857901,464028,386579,7294
Kentucky
1046105,669659,372977,3469
Louisiana
896293,387068,509225,0
Maine
381221,262264,118701,256
Maryland
1116457,730912,385495,50
Massachusetts
2344798,1786422,549727,8649
Michigan
3203102,2136615,1060152,6335
Minnesota
1554462,991117,559624,3721
Mississippi
409146,52618,356528,0
Missouri
1817879,1164344,653535,0
Montana
278628,164246,113032,1350
Nebraska
584154,307307,276847,0
Nevada
135433,79339,56094,0
New Hampshire
288093,184064,104029,0
New Jersey
2846770,1867671,963843,15256
New Mexico
327615,194017,131838,1760
New York
7166015,4913156,2243559,9300
North Carolina
1424983,800139,624844,0
North Dakota
258389,149784,108207,398
Ohio
3969196,2498331,1470865,0
Oklahoma
932499,519834,412665,0
Oregon
786305,501017,282779,2509
Pennsylvania
4822690,3130954,1673657,18079
Rhode Island
390091,315463,74615,13
South Carolina
524756,215700,309048,8
South Dakota
293118,163010,130108,0
Tennessee
1143946,634947,508965,34
Texas
2626811,1663185,958566,5060
Utah
400310,219628,180682,0
Vermont
163089,108127,54942,20
Virginia
1042267,558038,481334,2895
Washington
1258556,779881,470366,8309
West Virginia
792040,538087,253953,0
Wisconsin
1691815,1050424,638495,2896
Wyoming
142716,80718,61998,0