Alabama
214980,0,40930,171443,1522,1085
Arizona
177065,95251,77597,0,3310,907
Arkansas
242475,149659,50959,40068,751,1038
California
4021538,1913134,1895269,1228,190381,21526
Colorado
515237,267288,239714,0,6115,2120
Connecticut
883518,423297,437754,0,13713,8754
Delaware
139073,67813,69588,0,1050,622
Florida
577643,281988,194280,89755,11620,0
Georgia
418764,254646,76691,85055,1636,736
Idaho
214816,107370,101514,0,4972,960
Illinois
3984046,1994715,1961103,0,0,28228
Indiana
1656214,807833,821079,0,9649,17653
Iowa
1038272,522380,494018,0,12125,9749
Kansas
788819,351902,423039,0,4603,9275
Kentucky
822658,466756,341210,10411,1567,2714
Louisiana
416336,136344,72657,204290,3035,10
Maine
264789,111916,150234,0,1884,755
Maryland
596735,286521,294814,2476,9983,2941
Massachusetts
2107146,1151788,909370,0,38157,7831
Michigan
2109609,1003448,1038595,0,46515,21051
Minnesota
1212226,692966,483617,0,27866,7777
Mississippi
192190,19384,5043,167538,225,0
Missouri
1578628,917315,655039,42,3998,2234
Montana
224278,119071,96770,0,7313,1124
Nebraska
488940,224165,264774,0,0,1
Nevada
62117,31291,29357,0,1469,0
New Hampshire
231440,107995,121299,7,1970,169
New Jersey
1949555,895455,981124,0,42683,30293
New Mexico
187063,105464,80303,0,1037,259
New York
6178502,2780204,2841163,16,509559,47560
North Carolina
791209,459070,258572,69652,3915,0
North Dakota
220716,95812,115139,374,8391,1000
Ohio
2936071,1452791,1445684,0,37596,0
Oklahoma
721599,452782,268817,0,0,0
Oregon
524080,243147,260904,0,14978,5051
Pennsylvania
3735148,1752426,1902197,0,55161,25364
Rhode Island
327702,188736,135787,0,2619,560
South Carolina
142571,34423,5386,102607,154,1
South Dakota
250105,117653,129651,0,2801,0
Tennessee
550283,270402,202914,73815,1864,1288
Texas
1249577,824235,303467,113776,3920,4179
Utah
276305,149151,124402,0,2679,73
Vermont
123382,45557,75926,0,1279,620
Virginia
419256,200786,172070,43393,2047,960
Washington
905059,476165,386315,0,31692,10887
West Virginia
748750,429188,316251,0,3311,0
Wisconsin
1276800,647310,590959,0,25282,13249
Wyoming
101425,52354,47947,0,931,193