Alabama
496871,195694,280844,20333
Arizona
290173,176990,112880,303
Arkansas
406572,186287,213277,7008
California
5466355,3027668,2420135,18552
Colorado
663074,394479,263997,4598
Connecticut
1117121,711837,405079,205
Delaware
177988,98057,79421,510
Florida
1124220,643849,480371,0
Georgia
663480,216652,441094,5734
Idaho
272989,166979,105868,142
Illinois
4407407,2623327,1775682,8398
Indiana
1974607,1182811,783908,7888
Iowa
1234564,729187,501858,3519
Kansas
866243,566878,296317,3048
Kentucky
1053805,572192,476453,5160
Louisiana
617544,329047,243977,44520
Maine
351706,249238,102468,0
Maryland
932351,559738,372613,0
Massachusetts
2348506,1393197,948190,7119
Michigan
3080468,1713647,1359898,6923
Minnesota
1340005,719302,617525,3178
Mississippi
248149,60685,144498,42966
Missouri
1832562,914289,918273,0
Montana
271171,154933,116238,0
Nebraska
577137,378108,199029,0
Nevada
96689,56049,40640,0
New Hampshire
266994,176519,90364,111
New Jersey
2484312,1606942,850337,27033
New Mexico
253926,146788,106098,1040
New York
7093336,4340340,2750769,2227
North Carolina
1165592,575062,590530,0
North Dakota
253991,156766,96742,483
Ohio
3702265,2262610,1439655,0
Oklahoma
859350,473769,385581,0
Oregon
735597,406393,329204,0
Pennsylvania
4576503,2585252,1981769,9482
Rhode Island
387611,225819,161790,2
South Carolina
300583,75700,136372,88511
South Dakota
293857,171569,122288,0
Tennessee
939404,462288,456507,20609
Texas
1955545,1080619,859958,14968
Utah
333995,215631,118364,0
Vermont
152978,110390,42549,39
Virginia
697978,386459,267760,43759
Washington
1150889,620430,523002,7457
West Virginia
830831,449297,381534,0
Wisconsin
1550558,954844,586768,8946
Wyoming
124127,74573,49554,0