Alabama
275744,238196,35358,2190
Arizona
124163,86722,33433,4008
Arkansas
179423,146765,32039,619
California
2638882,1766836,836431,35615
Colorado
488684,295021,181267,12396
Connecticut
690723,382129,278685,29909
Delaware
127603,69702,57236,665
Florida
327432,249117,78248,67
Georgia
293178,255364,36942,872
Idaho
199617,125683,66256,7678
Illinois
3956522,2282999,1570393,103130
Indiana
1650897,934974,691570,24353
Iowa
1142733,621756,487977,33000
Kansas
865514,464520,397727,3267
Kentucky
926206,541944,369702,14560
Louisiana
329778,292894,36791,93
Maine
304240,126333,168823,9084
Maryland
624896,389612,231435,3849
Massachusetts
1840357,942716,768613,129028
Michigan
1805098,1016794,699733,88571
Minnesota
1129975,698811,350461,80703
Mississippi
162142,157333,4467,342
Missouri
1828635,1111043,697891,19701
Montana
230512,159690,63598,7224
Nebraska
608023,347445,247731,12847
Nevada
43848,31925,11923,0
New Hampshire
218114,108460,104642,5012
New Jersey
1820437,1083850,720322,16265
New Mexico
169136,106037,61727,1372
New York
5596398,3293222,2180670,122506
North Carolina
839464,616141,223283,40
North Dakota
273716,163148,72751,37817
Ohio
3012589,1747140,1127855,137594
Oklahoma
749740,501069,245122,3549
Oregon
414021,266733,122706,24582
Pennsylvania
4138426,2353987,1690200,94239
Rhode Island
311178,165238,125031,20909
South Carolina
115437,113791,1646,0
South Dakota
296452,160137,125977,10338
Tennessee
475538,327083,146520,1935
Texas
849736,739952,104661,5123
Utah
216677,150246,64555,1876
Vermont
143689,62124,81023,542
Virginia
334590,234980,98336,1274
Washington
692338,459579,206892,25867
West Virginia
829945,502582,325358,2005
Wisconsin
1258560,802984,380828,74748
Wyoming
103382,62624,38739,2019