Alabama
159692,55612,97129,6951
Arkansas
127866,44800,81142,1924
California
303004,164755,124985,13264
Colorado
221408,93072,122733,5603
Connecticut
180195,102572,74014,3609
Delaware
41989,22535,18852,602
Florida
39649,7355,28273,4021
Georgia
121410,34260,81180,5970
Idaho
57914,27198,29414,1302
Illinois
1131897,597985,503061,30851
Indiana
664094,336063,309584,18447
Iowa
530355,307808,209265,13282
Kansas
353766,185955,162601,5210
Kentucky
468265,227132,235126,6007
Louisiana
67906,14234,53668,4
Maine
105693,65412,36822,3459
Maryland
264434,136185,122238,6011
Massachusetts
414804,238866,156997,18941
Michigan
544379,316269,211685,16425
Minnesota
316311,190461,112901,12949
Mississippi
59055,5707,51706,1642
Missouri
683656,314092,351922,17642
Montana
63856,25409,37311,1136
Nebraska
241430,121835,114013,5582
Nevada
10196,3849,6347,0
New Hampshire
92364,54799,35489,2076
New Jersey
401206,221754,164879,14573
New York
1548042,822013,678462,47567
North Carolina
292518,132997,157733,1788
North Dakota
57791,35898,20531,1362
Ohio
1040073,543918,474882,21273
Oregon
83251,46172,32810,4269
Pennsylvania
1173210,712665,424232,36313
Rhode Island
56548,33784,19812,2952
South Carolina
50812,3579,47233,0
South Dakota
96124,54530,39544,2050
Tennessee
273860,123108,145240,5512
Texas
423706,130641,267432,25633
Utah
93189,47139,45006,1044
Vermont
56212,42569,12849,794
Virginia
264208,115769,146079,2360
Washington
107524,57456,44833,5235
West Virginia
220796,119829,98807,2160
Wisconsin
442501,265760,159163,17578
Wyoming
24687,14482,10164,41