Alabama
564473,318303,237981,8189
Alaska
60762,29809,30953,0
Arizona
398491,176781,221241,469
Arkansas
428509,215049,184508,28952
California
6506578,3224099,3259722,22757
Colorado
736246,330629,402242,3375
Connecticut
1222883,657055,565813,15
Delaware
196683,99590,96373,720
Florida
1544176,748700,795476,0
Georgia
733349,458638,274472,239
Hawaii
184705,92410,92295,0
Idaho
300450,138853,161597,0
Illinois
4757409,2377846,2368988,10575
Indiana
2135360,952358,1175120,7882
Iowa
1273810,550565,722381,864
Kansas
928825,363213,561474,4138
Kentucky
1124462,521855,602607,0
Louisiana
807891,407339,230980,169572
Maine
421773,181159,240608,6
Maryland
1055349,565808,489538,3
Massachusetts
2469480,1487174,976750,5556
Michigan
3318097,1687269,1620428,10400
Minnesota
1541887,779933,757915,4039
Mississippi
298171,108362,73561,116248
Missouri
1934422,972201,962221,0
Montana
277579,134891,141841,847
Nebraska
613095,232542,380553,0
Nevada
107267,54880,52387,0
New Hampshire
295761,137772,157989,0
New Jersey
2773111,1385415,1363324,24372
New Mexico
311107,156027,153733,1347
New York
7291079,3830085,3446419,14575
North Carolina
1368556,713136,655420,0
North Dakota
278431,123963,154310,158
Ohio
4161859,1944248,2217611,0
Oklahoma
903150,370111,533039,0
Oregon
776421,367402,408060,959
Pennsylvania
5006541,2556282,2439956,10303
Rhode Island
405535,258032,147502,1
South Carolina
386688,198129,188558,1
South Dakota
306487,128070,178417,0
Tennessee
1051792,481453,556577,13762
Texas
2311084,1167567,1121310,22207
Utah
374709,169248,205361,100
Vermont
167324,69186,98131,7
Virginia
771449,362327,404521,4601
Washington
1241572,599298,629273,13001
West Virginia
837781,441786,395995,0
Wisconsin
1729082,830805,895175,3102
Wyoming
140782,63331,77451,0