Alabama
245354,207910,34675,2030,739
Arizona
118251,79264,36104,2618,265
Arkansas
220562,189602,28467,1269,1224
California
2267966,1324157,847902,63299,32608
Colorado
457696,250877,189617,13591,3611
Connecticut
594183,281632,288420,20480,3651
Delaware
112901,54319,57073,1376,133
Florida
276252,206307,69170,775,0
Georgia
255590,234118,19863,461,1148
Idaho
186625,109479,71417,526,5203
Illinois
3407926,1882304,1432756,67258,25608
Indiana
1576927,862054,677184,21388,16301
Iowa
1036687,598019,414433,20467,3768
Kansas
791978,424204,349498,18276,0
Kentucky
983063,580574,394716,3853,3920
Louisiana
268804,249418,18853,0,533
Maine
298444,128907,166631,2489,417
Maryland
511054,314314,184184,10489,2067
Massachusetts
1580114,800148,736959,34305,8702
Michigan
1664765,871700,739894,39205,13966
Minnesota
1002843,600806,363959,25476,12602
Mississippi
146034,140168,5180,686,0
Missouri
1609894,1025406,564713,16374,3401
Montana
216479,127286,78078,7891,3224
Nebraska
570137,359082,201177,9876,2
Nevada
41430,28756,12674,0,0
New Hampshire
205520,100680,103629,947,264
New Jersey
1630063,806630,775684,42998,4751
New Mexico
151606,95089,54217,1776,524
New York
4688614,2534959,1937963,177397,38295
North Carolina
711501,497566,208344,5591,0
North Dakota
256290,178350,71772,3521,2647
Ohio
2609728,1301695,1227319,64094,16620
Oklahoma
704633,516468,188165,0,0
Oregon
368808,213871,136019,15450,3468
Pennsylvania
2859177,1295948,1453540,91223,18466
Rhode Island
266170,146604,115266,3138,1162
South Carolina
104407,102347,1978,82,0
South Dakota
288438,183515,99212,1551,4160
Tennessee
390256,259473,126752,1796,2235
Texas
863426,760348,97959,4450,669
Utah
206578,116750,84795,4087,946
Vermont
136980,56266,78984,1533,197
Virginia
297942,203979,89637,2382,1944
Washington
614814,353260,208645,17080,35829
West Virginia
743774,405124,330731,5133,2786
Wisconsin
1114808,707410,347741,53379,6278
Wyoming
96962,54370,39583,2829,180