Alabama
248981,120725,127796,460
Arizona
91254,52533,38537,184
Arkansas
197693,77751,119196,746
California
1796656,1162323,614365,19968
Colorado
392242,253872,133131,5239
Connecticut
553124,296641,252085,4398
Delaware
105891,68860,36643,388
Florida
253674,144168,101764,7742
Georgia
229158,99368,129602,188
Idaho
151541,97322,52926,1293
Illinois
3107489,1769141,1313817,24531
Indiana
1421314,848290,562691,10333
Iowa
1009489,623570,379311,6608
Kansas
713200,513672,193003,6525
Kentucky
941274,558734,381070,1470
Louisiana
215833,51160,164655,18
Maine
262171,179923,81179,1069
Maryland
528348,301479,223626,3243
Massachusetts
1577823,775566,792758,9499
Michigan
1372082,965396,396762,9924
Minnesota
970976,560977,396451,13548
Mississippi
151692,27153,124539,0
Missouri
1500721,834080,662562,4079
Montana
194108,113300,78578,2230
Nebraska
547144,345745,197959,3440
Nevada
32417,18327,14090,0
New Hampshire
196757,115404,80715,638
New Jersey
1549381,926050,616517,6814
New Mexico
118014,69645,48211,158
New York
4405626,2193344,2089863,122419
North Carolina
635150,348923,286227,0
North Dakota
239867,131441,106648,1778
Ohio
2508346,1627546,864210,16590
Oklahoma
618427,394046,219174,5207
Oregon
319942,205341,109223,5378
Pennsylvania
3150610,2055382,1067586,27642
Rhode Island
237194,117522,118973,699
South Carolina
68605,5858,62700,47
South Dakota
261865,157603,102660,1602
Tennessee
363473,195388,167343,742
Texas
708999,367036,341032,931
Utah
176603,94618,80985,1000
Vermont
135191,90404,44440,347
Virginia
305358,164609,140146,603
Washington
500840,335844,156772,8224
West Virginia
642752,375551,263784,3417
Wisconsin
1016831,544205,450259,22367
Wyoming
82835,52748,29299,788