Alabama
260307,96589,160560,2402,756
Arizona
66562,37016,29546,0,0
Arkansas
183637,71117,107409,5111,0
California
944050,624992,229191,64076,25791
Colorado
292053,173248,104936,8046,5823
Connecticut
365518,229238,120721,10350,5209
Delaware
94875,52858,39911,988,1118
Florida
145681,44853,90515,5189,5124
Georgia
148716,41089,107162,465,0
Idaho
135624,88975,46579,38,32
Illinois
2094714,1420480,534395,74747,65092
Indiana
1262964,696370,511364,24703,30527
Iowa
895082,634674,227921,16981,15506
Kansas
570318,369268,185464,15511,75
Kentucky
918636,452480,456497,6409,3250
Louisiana
126396,38538,87519,0,339
Maine
197840,136355,58961,2214,310
Maryland
428443,236117,180626,8876,2824
Massachusetts
993718,681153,276691,32267,3607
Michigan
1048411,762865,233450,28947,23149
Minnesota
735838,519421,142994,56106,17317
Mississippi
82492,11576,69277,1639,0
Missouri
1332800,727162,574799,20242,10597
Montana
179006,109430,57372,0,12204
Nebraska
382743,247498,119608,9600,6037
Nevada
27194,15479,9851,1864,0
New Hampshire
159092,95196,62662,1234,0
New Jersey
903943,611541,256887,27141,8374
New Mexico
105406,57634,46668,0,1104
New York
2898513,1871167,781238,203201,42907
North Carolina
538758,232848,305447,446,17
North Dakota
205776,160072,37422,8282,0
Ohio
2021653,1182022,780037,57147,2447
Oklahoma
486610,243831,217053,25726,0
Oregon
238522,143592,80019,9801,5110
Pennsylvania
1852616,1218216,503843,70571,59986
Rhode Island
167981,107463,55062,4351,1105
South Carolina
66808,2610,64170,28,0
South Dakota
182237,110692,35938,0,35607
Tennessee
428626,219829,206558,2239,0
Texas
486641,114538,288767,8121,75215
Utah
145828,81555,56639,3159,4475
Vermont
89961,68212,20919,0,830
Virginia
230999,87456,141670,807,1066
Washington
398715,223137,84298,8913,82367
West Virginia
509942,282007,220789,5618,1528
Wisconsin
701280,498576,113422,80635,8647
Wyoming
54700,35091,17429,0,2180