Alabama
175085,117314,57177,594,0
Arkansas
157058,86062,59752,614,10630
California
251339,117729,124816,5761,3033
Colorado
91946,37549,50772,2182,1443
Connecticut
153978,74920,74584,4234,240
Delaware
29764,16414,12950,399,1
Florida
66500,39557,26529,414,0
Georgia
142936,100493,40499,1808,136
Illinois
747813,348351,370475,21703,7284
Indiana
536949,261013,263361,9881,2694
Iowa
404135,179877,211603,3550,9105
Kansas
331149,102745,182904,6779,38721
Kentucky
344868,183830,155138,5223,677
Louisiana
115891,85032,30660,160,39
Maine
128253,50472,73730,2691,1360
Maryland
210941,106188,99986,4767,0
Massachusetts
344243,151590,183892,8701,60
Michigan
475356,213469,236387,20945,4555
Minnesota
263285,104385,142492,15311,1097
Mississippi
115786,85451,30095,240,0
Missouri
521360,261943,236252,4539,18626
Nebraska
202632,80552,108425,9429,4226
Nevada
12278,5149,7088,41,0
New Hampshire
90835,43456,45728,1593,58
New Jersey
303801,151508,144360,7933,0
New York
1319748,635965,650338,30231,3214
North Carolina
285563,147902,134784,2840,37
Ohio
840361,396455,416054,24356,3496
Oregon
61853,26522,33291,1677,363
Pennsylvania
997568,446633,526091,20947,3897
Rhode Island
40775,17530,21969,1251,25
South Carolina
79997,65824,13736,0,437
Tennessee
303694,158699,138978,5969,48
Texas
357513,234883,88422,4749,29459
Vermont
65452,16788,45192,1460,2012
Virginia
304087,152004,150399,1684,0
West Virginia
159440,78677,78171,1084,1508
Wisconsin
354614,155232,176553,14277,8552