Alabama
104932,25372,74374,1450,3736
Arkansas
151822,56624,87015,5842,2341
California
386597,214398,127492,28659,16048
Colorado
263858,123693,126644,7960,5561
Connecticut
190003,112915,68255,5113,3720
Delaware
48007,25014,22055,239,699
Florida
49360,10654,31104,3747,3855
Georgia
132504,41355,72350,584,18215
Idaho
97293,52621,36162,6400,2110
Illinois
1155254,629932,450810,34711,39801
Indiana
721126,348993,338262,13476,20395
Iowa
494769,275209,200771,8287,10502
Kansas
375946,197216,161209,12420,5101
Kentucky
490719,235711,244092,4093,6823
Louisiana
75117,8958,63568,2514,77
Maine
106336,66987,35403,1758,2188
Maryland
238531,116513,115908,2323,3787
Massachusetts
456919,265966,155543,10779,24631
Michigan
541830,335580,175771,11586,18893
Minnesota
331304,195843,109401,14527,11533
Mississippi
66904,4363,60287,978,1276
Missouri
715927,347203,346574,15431,6719
Montana
68822,32333,29326,5855,1308
Nebraska
266799,126997,131099,3524,5179
Nevada
24526,10775,11212,2103,436
New Hampshire
89600,53149,33655,1299,1497
New Jersey
467198,265326,182567,10253,9052
New York
1638350,870070,667468,38451,62361
North Carolina
252554,114887,136928,372,367
North Dakota
94525,57680,32885,2421,1539
Ohio
1121552,572312,502721,33795,12724
Oklahoma
254983,110474,122363,21734,412
Oregon
110889,62530,38049,7339,2971
Pennsylvania
1267450,745779,448782,33914,38975
Rhode Island
72317,43942,24706,1365,2304
South Carolina
66379,3945,62288,100,46
South Dakota
114775,67536,40266,2846,4127
Tennessee
257180,117977,135608,1870,1725
Texas
293757,65666,217302,7870,2919
Utah
108613,61028,42601,4895,89
Vermont
52683,39552,11496,0,1635
Virginia
137065,52572,82946,255,1292
Washington
183879,106062,58691,14177,4949
West Virginia
258105,137869,111418,3679,5139
Wisconsin
454441,247747,166662,28147,11885
Wyoming
37609,20846,14918,1715,130