Alabama
117869,82438,22680,9717,3029,5
Arizona
23722,10324,6949,3021,3163,265
Arkansas
125104,68814,21644,25585,8153,908
California
677944,283436,283610,3914,79201,27783
Colorado
266880,114232,72306,58386,16418,5538
Connecticut
190404,74561,34129,68324,10056,3334
Delaware
48694,22631,8886,15998,556,623
Florida
50837,35343,4555,4279,4806,1854
Georgia
121470,93087,21985,5191,1058,149
Idaho
105754,33921,25527,32810,11960,1536
Illinois
1146173,405048,386478,253593,81278,19776
Indiana
654474,281890,162007,151267,36931,22379
Iowa
492356,185325,161819,119805,16967,8440
Kansas
365560,143663,120210,74845,26779,63
Kentucky
452714,219484,101766,115510,11646,4308
Louisiana
79248,60871,9283,3833,5261,0
Maine
129640,51113,48495,26545,2541,946
Maryland
231981,112674,57789,54956,3996,2566
Massachusetts
488057,173408,142228,155948,12616,3857
Michigan
550976,150751,214584,152244,23211,10186
Minnesota
334219,106426,125856,64334,27505,10098
Mississippi
64483,57324,3549,1560,2050,0
Missouri
698566,330746,124375,207821,28466,7158
Montana
79826,27941,22456,18512,10885,32
Nebraska
249483,109008,72681,54226,10185,3383
Nevada
20115,7986,5620,3196,3313,0
New Hampshire
87961,34724,17794,32927,1981,535
New Jersey
432739,178289,145410,88835,15948,4257
New Mexico
49376,20437,8347,17733,2859,0
New York
1588315,655573,390093,455487,63434,23728
North Carolina
243918,144507,69130,29139,1025,117
North Dakota
86580,29555,25726,23090,6966,1243
Ohio
1037094,424834,229807,278168,90144,14141
Oklahoma
253801,119156,0,90786,41674,2185
Oregon
137040,47064,37600,34673,13343,4360
Pennsylvania
1217736,395637,444894,273360,83614,20231
Rhode Island
77894,30412,16878,27703,2049,852
South Carolina
50405,48357,1293,536,164,55
South Dakota
116325,48942,58811,0,4662,3910
Tennessee
251933,133021,54041,60475,3564,832
Texas
301778,219489,26745,28530,24896,2118
Utah
112386,36579,24174,42100,9023,510
Vermont
62842,15354,22132,23332,928,1096
Virginia
136976,90332,21777,23288,820,759
Washington
322799,86840,113698,70445,40134,11682
West Virginia
268828,113197,79112,56754,15248,4517
Wisconsin
399975,164230,62448,130596,33476,9225
Wyoming
42296,15310,9232,14560,2760,434