Alabama
1049917,146923,196579,691425,14990
Alaska
83035,37600,35411,10024,0
Arizona
486936,266721,170514,46573,3128
Arkansas
609590,189062,184901,235627,0
California
7251587,3467664,3244318,487270,52335
Colorado
811199,409345,335174,60813,5867
Connecticut
1256232,556721,621561,76650,1300
Delaware
214367,96714,89194,28459,0
D. C.
170578,31012,139566,0,0
Florida
2187805,886804,676794,624207,0
Georgia
1250266,380111,334440,535550,165
Hawaii
236218,91425,141324,3469,0
Idaho
291183,165369,89273,36541,0
Illinois
4619749,2174774,2039814,390958,14203
Indiana
2123597,1067885,806659,243108,5945
Iowa
1167931,619106,476699,66422,5704
Kansas
872783,478674,302996,88921,2192
Kentucky
1055893,462411,397541,193098,2843
Louisiana
1097450,257535,309615,530300,0
Maine
392936,169254,217312,6370,0
Maryland
1235039,517995,538310,178734,0
Massachusetts
2331752,766844,1469218,87088,8602
Michigan
3306250,1370665,1593082,331968,10535
Minnesota
1588510,658643,857738,68931,3198
Mississippi
654509,88516,150644,415349,0
Missouri
1809502,811932,791444,206126,0
Montana
274404,138835,114117,20015,1437
Nebraska
536851,321163,170784,44904,0
Nevada
154218,73188,60598,20432,0
New Hampshire
297299,154903,130589,11173,634
New Jersey
2875395,1325467,1264206,262187,23535
New Mexico
327281,169692,130081,25737,1771
New York
6790066,3007932,3378470,358864,44800
North Carolina
1587493,627192,464113,496188,0
North Dakota
247882,138669,94769,14244,200
Ohio
3959698,1791014,1700586,467495,603
Oklahoma
943086,449697,301658,191731,0
Oregon
819622,408433,358866,49683,2640
Pennsylvania
4747928,2090017,2259405,378582,19924
Rhode Island
385000,122359,246518,15678,445
South Carolina
666982,254062,197486,215430,4
South Dakota
281264,149841,118023,13400,0
Tennessee
1248617,472592,351233,424792,0
Texas
3079406,1227844,1266804,584269,489
Utah
422568,238728,156665,26906,269
Vermont
161404,85142,70255,5104,903
Virginia
1361491,590319,442387,321833,6952
Washington
1304281,588510,616037,96990,2744
West Virginia
754206,307555,374091,72560,0
Wisconsin
1691538,809997,748804,127835,4902
Wyoming
127205,70927,45173,11105,0