Alabama
171699,102989,68708,2
Arkansas
96946,58086,38649,211
California
155784,76460,79258,66
Connecticut
122134,61927,59033,1174
Delaware
24133,13381,10752,0
Florida
46776,22927,23849,0
Georgia
180690,130157,50533,0
Illinois
554227,258611,278232,17384
Indiana
438911,213526,208011,17374
Iowa
292878,112121,171326,9431
Kansas
124134,37902,78324,7908
Kentucky
260626,160060,97568,2998
Louisiana
145823,70508,75315,0
Maine
117045,49917,66300,828
Maryland
163759,91779,71980,0
Massachusetts
259620,108777,150064,779
Michigan
318450,141685,166901,9864
Minnesota
124075,48587,72955,2533
Mississippi
164776,112173,52603,0
Missouri
350610,202086,145027,3497
Nebraska
49328,17413,31915,0
Nevada
19691,9308,10383,0
New Hampshire
80141,38510,41540,91
New Jersey
220193,115962,103517,714
New York
1015503,521949,489207,4347
North Carolina
233911,125427,108484,0
Ohio
658649,323182,330698,4769
Oregon
29881,14157,15214,510
Pennsylvania
758993,366204,384184,8605
Rhode Island
26627,10712,15787,128
South Carolina
182683,90897,91786,0
Tennessee
222743,133177,89566,0
Texas
149555,104755,44800,0
Vermont
64553,20254,44091,208
Virginia
236288,140770,95518,0
West Virginia
99647,56546,41997,1104
Wisconsin
257177,123926,130067,3184