Alabama
294219,250726,42184,1309
Arizona
150039,95267,54030,742
Arkansas
200743,158622,42121,0
California
3268791,1877618,1351419,39754
Colorado
549004,265554,279576,3874
Connecticut
781502,417621,361819,2062
Delaware
136374,74599,61440,335
Florida
485492,359334,126158,0
Georgia
312551,265194,46360,997
Idaho
235168,127842,106553,773
Illinois
4217935,2149934,2047240,20761
Indiana
1782747,874063,899466,9218
Iowa
1215430,578800,632370,4260
Kansas
860297,364725,489169,6403
Kentucky
970163,557322,410384,2457
Louisiana
372305,319751,52446,108
Maine
320840,156478,163951,411
Maryland
660117,384546,269534,6037
Massachusetts
2026993,1076522,939700,10771
Michigan
2085929,1032991,1039917,13021
Minnesota
1251188,644196,596274,10718
Mississippi
175824,168267,7364,193
Missouri
1833729,958476,871009,4244
Montana
247873,145698,99579,2596
Nebraska
615878,263677,352201,0
Nevada
53174,31945,21229,0
New Hampshire
235419,125292,110127,0
New Jersey
1972552,1016808,945475,10269
New Mexico
183258,103699,79315,244
New York
6313897,3251918,3027478,34501
North Carolina
822648,609015,213633,0
North Dakota
280775,124036,154590,2149
Ohio
3319912,1733139,1586773,0
Oklahoma
826212,474313,348872,3027
Oregon
481240,258415,219555,3270
Pennsylvania
4078714,2171035,1889848,17831
Rhode Island
321148,182182,138653,313
South Carolina
99832,95470,4360,2
South Dakota
308427,131362,177065,0
Tennessee
522823,351601,169153,2069
Texas
1124531,909974,212692,1865
Utah
247819,154277,93151,391
Vermont
143062,64269,78371,422
Virginia
346607,235961,109363,1283
Washington
793833,462145,322123,9565
West Virginia
868076,495662,372414,0
Wisconsin
1405522,704821,679206,21495
Wyoming
112240,59287,52633,320