Alabama
151902,56350,91130,4422,0
Arkansas
107772,41661,60489,4079,1543
California
164218,80282,80426,3381,129
Colorado
53546,27450,24647,1435,14
Connecticut
132798,67071,64411,868,448
Delaware
29458,14148,15181,129,0
Florida
51618,23654,27964,0,0
Georgia
157451,54470,102981,0,0
Illinois
622305,318036,277321,26358,590
Indiana
470672,232164,225522,12986,0
Iowa
322668,183904,105845,32327,592
Kansas
201236,121549,59801,19851,35
Kentucky
267104,106490,148875,11506,233
Louisiana
104462,38978,65047,437,0
Maine
143903,74052,65211,4409,231
Maryland
172221,78515,93706,0,0
Massachusetts
282265,165198,111720,4548,799
Michigan
353079,185335,131597,34895,1252
Minnesota
150770,93902,53315,3267,286
Mississippi
117068,34844,75750,5797,677
Missouri
397289,153647,208600,35042,0
Nebraska
87452,54979,28523,3950,0
Nevada
18345,8732,9613,0,0
New Hampshire
86361,44856,40797,528,180
New Jersey
245928,120555,122565,2617,191
New York
1103945,555544,534511,12373,1517
North Carolina
240946,115616,124204,1126,0
Ohio
724967,375048,340821,6456,2642
Oregon
40823,20619,19955,249,0
Pennsylvania
874783,444704,407428,20668,1983
Rhode Island
29235,18195,10779,236,25
South Carolina
169793,57954,111236,567,36
Tennessee
243263,107677,129569,6017,0
Texas
241726,57893,156428,27405,0
Vermont
64594,45091,18182,1212,109
Virginia
211616,83533,128083,0,0
West Virginia
112641,46243,57390,9008,0
Wisconsin
267187,144398,114644,7986,159