Alabama
130728,99409,28662,1916,741
Arizona
58021,33170,20524,3174,1153
Arkansas
170104,112211,48879,6999,2015
California
999603,466289,462516,42898,27900
Colorado
294375,178816,102308,10049,3202
Connecticut
213874,99786,106514,5179,2395
Delaware
51810,24753,26011,480,566
Florida
80734,55984,14611,5353,4786
Georgia
160681,127754,11294,941,20692
Idaho
134615,70054,55368,8066,1127
Illinois
2192707,950229,1152549,61394,28535
Indiana
718848,334063,341005,21855,21925
Iowa
516944,221699,280439,10976,3830
Kansas
629813,314588,277658,24685,12882
Kentucky
520075,269990,241854,4734,3497
Louisiana
92982,79875,6466,292,6349
Maine
136314,64033,69508,2177,596
Maryland
262039,138359,117347,2674,3659
Massachusetts
531832,247894,268784,11058,4096
Michigan
650973,286775,339097,16120,8981
Minnesota
387364,179152,179544,20117,8551
Mississippi
86679,80422,4253,1484,520
Missouri
786769,398032,369339,14612,4786
Montana
177679,101063,66750,9564,302
Nebraska
287315,158827,117771,7141,3576
Nevada
33316,17776,12127,3065,348
New Hampshire
89127,43781,43725,1318,303
New Jersey
494442,211018,268982,10405,4037
New Mexico
66787,33527,31152,1996,112
New York
1706305,759426,879238,45944,21697
North Carolina
289835,168383,120890,509,53
North Dakota
115390,55206,53471,5716,997
Ohio
1165086,604161,514753,38092,8080
Oklahoma
292416,148113,97233,45190,1880
Oregon
261650,120087,126813,9711,5039
Pennsylvania
1297292,521784,703823,42638,29047
Rhode Island
87816,40394,44858,1914,650
South Carolina
63952,61846,1550,135,421
South Dakota
128942,59191,64217,3760,1774
Tennessee
272190,153280,116223,2542,145
Texas
372461,286514,64999,18963,1985
Utah
143146,84145,54137,4460,404
Vermont
64475,22708,40250,798,719
Virginia
153992,102824,49356,1062,750
Washington
380994,183388,167208,22800,7598
West Virginia
289852,140403,143124,6150,175
Wisconsin
447134,191363,220822,27631,7318
Wyoming
51840,28316,21698,1453,373