Alabama
169716,90272,79444,0
Arkansas
79300,41373,37927,0
California
95785,54007,40717,1061
Connecticut
96009,50314,45695,0
Delaware
21822,11129,10205,488
Florida
33190,17763,15427,0
Georgia
138906,62550,76356,0
Illinois
429971,241936,184884,3151
Indiana
351196,186147,163632,1417
Iowa
216365,131566,71189,13610
Kansas
100512,66805,32970,737
Kentucky
191135,88766,99995,2374
Louisiana
128692,71663,57029,0
Maine
90523,61426,29097,0
Maryland
134447,66760,67687,0
Massachusetts
192864,133455,59195,214
Michigan
221455,138758,78551,4146
Minnesota
90919,55708,35211,0
Mississippi
129457,82175,47282,0
Missouri
273059,119196,151434,2429
Nebraska
25932,18329,7603,0
Nevada
14649,8413,6236,0
New Hampshire
68906,37168,31425,313
New Jersey
168112,91656,76456,0
New York
828020,440738,387282,0
North Carolina
165163,94772,70130,261
Ohio
529436,281852,244321,3263
Oregon
20147,11818,7742,587
Pennsylvania
563262,349589,212041,1632
Rhode Island
18994,13665,5329,0
South Carolina
95452,72290,22699,463
Tennessee
179046,85655,93391,0
Texas
116594,47468,66546,2580
Vermont
52980,41480,10926,574
Virginia
185195,93463,91647,85
West Virginia
62467,32320,29532,615
Wisconsin
192305,104994,86477,834