Alabama
194580,55673,130298,8609
Arkansas
149347,37512,110103,1732
California
298419,146688,144766,6965
Colorado
189539,26271,161005,2263
Connecticut
174390,110285,56740,7365
Delaware
38456,20450,16574,1432
Florida
46488,11298,32756,2434
Georgia
162480,59395,93885,9200
Idaho
29621,6314,23135,172
Illinois
1090869,607130,465613,18126
Indiana
637119,323754,305573,7792
Iowa
521547,289293,223741,8513
Kansas
334547,159345,171675,3527
Kentucky
445928,218171,217894,9863
Louisiana
101046,22037,77175,1834
Maine
118419,80403,34587,3429
Maryland
250249,136959,104150,9140
Massachusetts
401568,278976,105711,16881
Michigan
545585,293336,237166,15083
Minnesota
341762,193503,139735,8524
Mississippi
69591,4819,63355,1417
Missouri
673906,304940,363667,5299
Montana
53330,10509,42628,193
Nebraska
223182,103064,115007,5111
Nevada
10314,1938,8376,0
New Hampshire
83670,57444,21650,4576
New Jersey
371211,221535,133695,15981
New York
1423876,819838,551369,52669
North Carolina
331337,155122,174408,1807
North Dakota
47391,26335,20686,370
Ohio
1014295,525991,477497,10807
Oregon
97414,48779,46739,1896
Pennsylvania
1194355,728300,433228,32827
Rhode Island
54785,37437,14459,2889
South Carolina
68938,9313,58801,824
South Dakota
82950,41042,41225,683
Tennessee
320903,148683,167168,5052
Texas
544786,167520,370434,6832
Utah
78119,13491,64607,21
Vermont
63847,51127,10640,2080
Virginia
294674,135379,154708,4587
Washington
93583,39153,53314,1116
West Virginia
201757,105379,94480,1898
Wisconsin
447409,268135,165523,13751
Wyoming
21092,10072,10861,159