Alabama
153624,92736,59444,1444
Arkansas
125779,72734,51198,1847
California
196988,89288,102369,5331
Colorado
66519,27723,36084,2712
Connecticut
137257,67182,65898,4177
Delaware
29984,16957,12953,74
Florida
59990,31769,28031,190
Georgia
143610,94667,48603,340
Illinois
672670,312351,337469,22850
Indiana
495332,245005,238489,11838
Iowa
377201,177316,197089,2796
Kansas
265848,90132,154406,21310
Kentucky
276481,152961,118690,4830
Louisiana
109399,62594,46347,458
Maine
130491,52153,72217,6121
Maryland
186019,96866,85748,3405
Massachusetts
303383,122352,146724,34307
Michigan
401186,189361,192669,19156
Minnesota
190017,70065,111685,8267
Mississippi
120688,77653,43035,0
Missouri
441268,236023,203081,2164
Nebraska
134202,54391,76912,2899
Nevada
12797,5578,7193,26
New Hampshire
84586,39198,43254,2134
New Jersey
260921,127798,123440,9683
New York
1167169,563154,562005,42010
North Carolina
268356,142905,125021,430
Ohio
784610,368280,400082,16248
Oregon
52682,24604,26860,1218
Pennsylvania
903864,392785,478804,32275
Rhode Island
32771,12391,19030,1350
South Carolina
92812,69845,21730,1237
Tennessee
259978,133770,124101,2107
Texas
325305,225309,93141,6855
Vermont
59401,17331,39514,2556
Virginia
284977,145491,139356,130
West Virginia
132145,67311,63096,1738
Wisconsin
319835,146453,161135,12247