Alabama
426120,149231,275075,1814
Arizona
260570,152042,108528,0
Arkansas
404800,177155,226300,1345
California
5341603,3035587,2257646,48370
Colorado
630103,379782,245504,4817
Connecticut
1096911,611012,481649,4250
Delaware
174025,90059,83315,651
Florida
989337,544036,444950,351
Georgia
655803,198979,456823,1
Idaho
276231,180707,95081,443
Illinois
4481058,2457327,2013920,9811
Indiana
1955325,1136259,801530,17536
Iowa
1268773,808906,451513,8354
Kansas
896166,616302,273296,6568
Kentucky
993148,495029,495729,2390
Louisiana
651952,306925,345027,0
Maine
351786,232353,118806,627
Maryland
902074,499424,395337,7313
Massachusetts
2383398,1292325,1083525,7548
Michigan
2798592,1551529,1230657,16406
Minnesota
1379483,763211,608458,7814
Mississippi
285532,112966,172566,0
Missouri
1892062,959429,929830,2803
Montana
265037,157394,106213,1430
Nebraska
609660,421603,188057,0
Nevada
82190,50502,31688,0
New Hampshire
272950,166287,106663,0
New Jersey
2419554,1374613,1015902,29039
New Mexico
238608,132170,105661,777
New York
7128241,3952815,3104601,70825
North Carolina
1210910,558107,652803,0
North Dakota
270127,191712,76694,1721
Ohio
3700758,2100391,1600367,0
Oklahoma
948984,518045,430939,0
Oregon
695059,420815,270579,3665
Pennsylvania
4580969,2415789,2146269,18911
Rhode Island
414498,210935,203293,270
South Carolina
341086,168082,173004,0
South Dakota
294283,203857,90426,0
Tennessee
892553,446147,443710,2696
Texas
2075946,1102878,969228,3840
Utah
329554,194190,135364,0
Vermont
153557,109717,43355,485
Virginia
619689,349037,268677,1975
Washington
1102708,599107,492845,10756
West Virginia
873548,419970,453578,0
Wisconsin
1607370,979744,622175,5451
Wyoming
129251,81047,47934,270