Alabama
162355,40615,113138,8040,562
Arizona
73961,30516,26235,17210,0
Arkansas
138532,40564,84795,13173,0
California
1281900,733250,105514,424649,18487
Colorado
342260,195171,75238,69945,1906
Connecticut
400295,246322,110184,42416,1373
Delaware
90885,52441,33445,4979,20
Florida
109154,30633,62083,8625,7813
Georgia
166577,30300,123200,12691,386
Idaho
148295,69879,24256,54160,0
Illinois
2470067,1453321,576975,432027,7744
Indiana
1272390,703042,492245,71700,5403
Iowa
976770,537458,160382,274448,4482
Kansas
662454,407671,156319,98461,3
Kentucky
815332,398966,374855,38465,3046
Louisiana
121951,24670,93218,0,4063
Maine
192192,138440,41964,11382,406
Maryland
358630,162414,148072,47157,987
Massachusetts
1129837,703476,280831,141225,4305
Michigan
1160419,874631,152359,122014,11415
Minnesota
822146,420759,55913,339192,6282
Mississippi
112462,8494,100474,3494,0
Missouri
1307958,648486,572753,84160,2559
Montana
174423,74138,33805,66123,357
Nebraska
464173,218585,137289,106701,1598
Nevada
26921,11243,5909,9769,0
New Hampshire
164769,98575,57201,8993,0
New Jersey
1086079,675162,297743,108901,4273
New Mexico
112830,54745,48542,9543,0
New York
3263939,1820058,950796,474913,18172
North Carolina
482687,191753,284270,6651,13
North Dakota
199081,94931,13858,89922,370
Ohio
2016237,1176130,477888,357948,4271
Oklahoma
528415,226242,255798,46375,0
Oregon
279488,142579,67589,68403,917
Pennsylvania
2144850,1401481,409192,307567,26610
Rhode Island
210115,125286,76606,7628,595
South Carolina
50752,1123,49008,620,1
South Dakota
203868,101299,27214,75355,0
Tennessee
300220,130728,158682,10610,200
Texas
657509,130023,484605,42881,0
Utah
156990,77327,47001,32662,0
Vermont
102917,80498,16124,5964,331
Virginia
223602,73312,139716,10377,197
Washington
421549,220224,42842,150727,7756
West Virginia
583662,288635,257232,36723,1072
Wisconsin
840826,311614,68115,453678,7419
Wyoming
79900,41858,12868,25174,0